8.122608109849892982e-03 9.883978902928736154e-01 6.957806335887849192e-02 2.262313573801571478e-04
8.285060272046888830e-03 9.288092891084277491e-01 6.334220239596993762e-02 2.307559845277602295e-04
8.450761477487828133e-03 8.923599901512775379e-01 5.645130566031057034e-02 2.353711042183154894e-04
8.619776707037583863e-03 1.103095694187853582e+00 6.042655027798487372e-02 2.400785263026817618e-04
8.792172241178335124e-03 9.733996557843347386e-01 5.429042533749919158e-02 2.448800968287354052e-04
8.968015686001903908e-03 1.046709956203342839e+00 5.146671137881179275e-02 2.497776987653101718e-04
9.147375999721941639e-03 9.582264323221357794e-01 4.566958311620515631e-02 2.547732527406163265e-04
9.330323519716379049e-03 9.268748381044369378e-01 4.220836406203664487e-02 2.598687177954286313e-04
9.516929990110707324e-03 9.374410349575109658e-01 3.977455370294050857e-02 2.650660921513372332e-04
9.707268589912922130e-03 8.841840106388695331e-01 7.547733608013616757e-02 2.703674139943639996e-04
9.901413961711180711e-03 9.669364207495249053e-01 7.247741618878722480e-02 2.757747622742512676e-04
1.009944224094540613e-02 9.542026275327484264e-01 6.764340142814603829e-02 2.812902575197363418e-04
1.030143108576431384e-02 1.047018409533026606e+00 6.662168147289071474e-02 2.869160626701310903e-04
1.050745970747959945e-02 1.058958923166585242e+00 6.362785009019798765e-02 2.926543839235336915e-04
1.071760890162919144e-02 9.522794733185379057e-01 5.611430315163253718e-02 2.985074716020043491e-04
1.093196107966177416e-02 1.027268714392580939e+00 5.543614887591116064e-02 3.044776210340443862e-04
1.115060030125501062e-02 9.697626124080923615e-01 5.068410213178280860e-02 3.105671734547253379e-04
1.137361230728011277e-02 9.326141758534641779e-01 4.639956458976988302e-02 3.167785169238198652e-04
1.160108455342571607e-02 1.049473627141928933e+00 4.707223020073333930e-02 3.231140872622962896e-04
1.183310624449422990e-02 1.070317265442462196e+00 4.444269872557449902e-02 3.295763690075422317e-04
1.183310624449422990e-02 1.114765009607269874e+00 9.916979001071106470e-02 3.295763690075422317e-04
1.206976836938411513e-02 1.058328904651126390e+00 9.143434687368873215e-02 3.361678963876930850e-04
1.231116373677179632e-02 1.042785921594776566e+00 8.789756670370631186e-02 3.428912543154469098e-04
1.255738701150723238e-02 1.075389981107642168e+00 8.768582188668533339e-02 3.497490794017558426e-04
1.280853475173737710e-02 9.616756405434144783e-01 7.780594006558828879e-02 3.567440609897909475e-04
1.306470544677212561e-02 1.058565255027591023e+00 8.211463549640501958e-02 3.638789422095868153e-04
1.332599955570756833e-02 1.035915943797701466e+00 7.869389088405852328e-02 3.711565210537785559e-04
1.359251954682172067e-02 8.029612956554023073e-01 6.188128572761215224e-02 3.785796514748541335e-04
1.386436993775815377e-02 5.342963258554441763e-01 4.326312485947916842e-02 3.861512445043512238e-04
1.414165733651331740e-02 4.002144672813519044e-01 3.352337896527447791e-02 3.938742693944382385e-04
1.442449048324358565e-02 2.535207902424984616e-01 2.302254269718253393e-02 4.017517547823270759e-04
1.471298029290845667e-02 2.020975107508216906e-01 1.903838860585159096e-02 4.097867898779735578e-04
1.500723989876662570e-02 1.848516906414531813e-01 1.731527236779993595e-02 4.179825256755330615e-04
1.530738469674195953e-02 1.411151062887316399e-01 1.397232171745447539e-02 4.263421761890437336e-04
1.561353239067679761e-02 1.121294790467170926e-01 1.187086934383733625e-02 4.348690197128245801e-04
1.561353239067679761e-02 1.445479433734869756e-01 1.163262082412548984e-02 4.348690197128245801e-04
1.592580303849033124e-02 1.078205365041106090e-01 8.745673629597858906e-03 4.435664001070810402e-04
1.624431909926014189e-02 1.098338819385796528e-01 8.693060232536683335e-03 4.524377281092227402e-04
1.656920548124534570e-02 9.139456261883824317e-02 7.331122025337892187e-03 4.614864826714072297e-04
1.690058959087024915e-02 7.980667152365582273e-02 6.439959626304681169e-03 4.707162123248352691e-04
1.723860138268765857e-02 7.034935954875576325e-02 5.709353126484774388e-03 4.801305365713321241e-04
1.758337341034141299e-02 6.186535688620487666e-02 5.084868689940296067e-03 4.897331473027587579e-04
1.793504087854824042e-02 5.439787041146854074e-02 4.507803137547354046e-03 4.995278102488139417e-04
1.829374169611920273e-02 4.883742294871664530e-02 4.107917333092036584e-03 5.095183664537900926e-04
1.865961653004158741e-02 4.543458466645693833e-02 3.763441443304900349e-03 5.197087337828659769e-04
1.903280886064242020e-02 3.840435045969275291e-02 3.275591721756925066e-03 5.301029084585233203e-04
1.941346503785526881e-02 3.724005982525788877e-02 3.189380730598742435e-03 5.407049666276938279e-04
1.980173433861237564e-02 3.604529321187375374e-02 2.953230895235146695e-03 5.515190659602476697e-04
2.019776902538462232e-02 2.804298479372605707e-02 2.382315879348464571e-03 5.625494472794525950e-04
2.060172440589231463e-02 2.414542330756490676e-02 2.189486973405081836e-03 5.738004362250417271e-04
2.101375889401016148e-02 2.299419815714544638e-02 2.009302332035012035e-03 5.852764449495425139e-04
2.143403407189036630e-02 2.184724180323721968e-02 1.900834680403690972e-03 5.969819738485333989e-04
2.186271475332817252e-02 1.769790413434645798e-02 1.589952169750505047e-03 6.089216133255041059e-04
2.229996904839473548e-02 2.084506310998235704e-02 1.756303994575327551e-03 6.211000455920140774e-04
2.274596842936263061e-02 1.632421782704617658e-02 1.485385859004288147e-03 6.335220465038544479e-04
2.274596842936263061e-02 1.443226813017438846e-02 7.959657819080243708e-04 6.335220465038544479e-04
2.320088779794988662e-02 1.568811545565871463e-02 1.367768941869875170e-03 6.461924874339316192e-04
2.320088779794988662e-02 1.407134456872729915e-02 7.641444164194187167e-04 6.461924874339316192e-04
2.366490555390888401e-02 1.422554618864692658e-02 1.282290292496201904e-03 6.591163371826102386e-04
2.366490555390888401e-02 1.128513451919921709e-02 6.292294298698008093e-04 6.591163371826102386e-04
2.413820366498706238e-02 1.230957044290749425e-02 6.598812298304270081e-04 6.722986639262624846e-04
2.462096773828680377e-02 9.577417918303176084e-03 5.319533176343083352e-04 6.857446372047876996e-04
2.511338709305253880e-02 9.652357805308401859e-03 5.316156601811141335e-04 6.994595299488834276e-04
2.561565483491359124e-02 8.867463164587668922e-03 4.864329900394766368e-04 7.134487205478611677e-04
2.612796793161186598e-02 8.297298339927811420e-03 4.502323984579553870e-04 7.277176949588184778e-04
2.665052729024409983e-02 7.500507388424807083e-03 4.120247528590270571e-04 7.422720488579946738e-04
2.718353783604898419e-02 6.640202976177281800e-03 3.740113923876288936e-04 7.571174898351547191e-04
2.772720859276996477e-02 5.208579652747159783e-03 3.068737232603513366e-04 7.722598396318578222e-04
2.828175276462536331e-02 5.619857888104283494e-03 3.342176376866511935e-04 7.877050364244949114e-04
2.884738781991787182e-02 5.153675735544844573e-03 3.066372914182172605e-04 8.034591371529848985e-04
2.942433557631622676e-02 4.798878284908965688e-03 2.942368738961551131e-04 8.195283198960444729e-04
3.001282228784255338e-02 4.375014207591565452e-03 2.722796222262152677e-04 8.359188862939654664e-04
3.061307873359940535e-02 3.682325479441537434e-03 2.476927119938055334e-04 8.526372640198447801e-04
3.122534030827139179e-02 4.001998224273890792e-03 2.463310154782530348e-04 8.696900093002416779e-04
3.184984711443682170e-02 3.641195668838271508e-03 2.331296651557031102e-04 8.870838094862464702e-04
3.248684405672555564e-02 3.315201760290364345e-03 2.373403154021482475e-04 9.048254856759713888e-04
3.313658093786006620e-02 2.802034887650853116e-03 2.082580297058062122e-04 9.229219953894908252e-04
3.379931255661727807e-02 2.800977735906537598e-03 2.026373708121707146e-04 9.413804352972808759e-04
3.447529880774961863e-02 2.634211755718646533e-03 1.900655702054642566e-04 9.602080440032263482e-04
3.516480478390461573e-02 2.391961014315102663e-03 1.807404847817051024e-04 9.794122048832911397e-04
3.586810087958270526e-02 2.287783530122210716e-03 1.723165878938312133e-04 9.990004489809566849e-04
3.658546289717436173e-02 2.398896350836245660e-03 1.733705769893110137e-04 1.018980457960575988e-03
3.731717215511784480e-02 2.006106947941873990e-03 1.584550485878132703e-04 1.039360067119787399e-03
3.806351559822020170e-02 1.973935624898184860e-03 1.586349022940283110e-04 1.060147268462183039e-03
3.882478591018460878e-02 1.822265983226343004e-03 1.513221224809219287e-04 1.081350213831426977e-03
3.960128162838830179e-02 1.741535059802481761e-03 1.382114441605265093e-04 1.102977218108055482e-03
4.039330726095606561e-02 1.715670540670874693e-03 1.389360099554570716e-04 1.125036762470216570e-03
4.120117340617519136e-02 1.339347411295155549e-03 1.271012403451390156e-04 1.147537497719620849e-03
4.202519687429869671e-02 1.303501499544176085e-03 1.232583913992457009e-04 1.170488247674013370e-03
4.286570081178467384e-02 1.596499585180536978e-03 1.354634748773060984e-04 1.193898012627493763e-03
4.372301482802036510e-02 1.077090101495586190e-03 1.146093651107409707e-04 1.217775972880043604e-03
4.459747512458077379e-02 1.075824110606294704e-03 5.762559087902823310e-05 1.242131492337644446e-03
4.459747512458077379e-02 1.233934606178162686e-03 1.095854041208827422e-04 1.242131492337644446e-03
4.548942462707238066e-02 1.057851389458372079e-03 1.119354187237895873e-04 1.266974122184397070e-03
4.548942462707238066e-02 1.056064693820475903e-03 5.619616203581503157e-05 1.266974122184397070e-03
4.639921311961383438e-02 1.096588944780402903e-03 1.084343859174814690e-04 1.292313604628085241e-03
4.639921311961383438e-02 1.019560435373774009e-03 5.369823292288114389e-05 1.292313604628085241e-03
4.732719738200611564e-02 9.327253068174755314e-04 1.056623020124881576e-04 1.318159876720646989e-03
4.732719738200611564e-02 9.275740725066145562e-04 4.884645889470867010e-05 1.318159876720646989e-03
4.827374132964623588e-02 8.980255642496724798e-04 1.045547345268284418e-04 1.344523074255060029e-03
4.827374132964623588e-02 9.424718248402000039e-04 4.845111690836445973e-05 1.344523074255060029e-03
4.923921615623916281e-02 8.493161372748029864e-04 1.029502735692612337e-04 1.371413535740161147e-03
4.923921615623916281e-02 8.678644674685072466e-04 4.472046973080455841e-05 1.371413535740161147e-03
5.022400047936394218e-02 8.384947808747442730e-04 4.306879197822779210e-05 1.398841806454964283e-03
5.122848048895123352e-02 7.863478505509451707e-04 4.005994042328865753e-05 1.426818642584063920e-03
5.225305009873025541e-02 7.813506432941286781e-04 3.936639013058307389e-05 1.455355015435745103e-03
5.329811110070485636e-02 7.077551302573019225e-04 3.595847482898738490e-05 1.484462115744460001e-03
5.436407332271896153e-02 6.707876281670169380e-04 3.376742307653237535e-05 1.514151358059349353e-03
5.545135478917333910e-02 6.325909493859244084e-04 3.251944837981646876e-05 1.544434385220536370e-03
5.656038188495680907e-02 6.077091870300876031e-04 3.099592978484395613e-05 1.575323072924947115e-03
5.769158952265594081e-02 6.385436191228602808e-04 3.192875357684190853e-05 1.606829534383446070e-03
5.884542131310906143e-02 5.878651491666529033e-04 2.971650943592736685e-05 1.638966125071114870e-03
6.002232973937124405e-02 5.799505219195941067e-04 2.910259062127133219e-05 1.671745447572537280e-03
6.122277633415867254e-02 5.410588615926912584e-04 2.701515114175672127e-05 1.705180356523988217e-03
6.244723186084184807e-02 5.557093587138049046e-04 2.778443282286810899e-05 1.739283963654467960e-03
6.369617649805868476e-02 5.137579940973972760e-04 2.613443983513524639e-05 1.774069642927557193e-03
6.497010002801986706e-02 4.677080478570925853e-04 2.416070363942739328e-05 1.809551035786108623e-03
6.626950202858025718e-02 4.412881781391039663e-04 2.318218086365232155e-05 1.845742056501830600e-03
6.759489206915186843e-02 4.616526868835763345e-04 2.353790069254642684e-05 1.882656897631867403e-03
6.894678991053490580e-02 4.391510180121585886e-04 2.227894106924224301e-05 1.920310035584504686e-03
7.032572570874559559e-02 4.162878597467878621e-04 2.092600227313990034e-05 1.958716236296194520e-03
7.173224022292051805e-02 4.043199508505529059e-04 2.056873692069098681e-05 1.997890561022118948e-03
7.316688502737891953e-02 3.990298275554251921e-04 2.061488937917867428e-05 2.037848372242561084e-03
7.463022272792649292e-02 3.854817099693042307e-04 1.974932547414887010e-05 2.078605339687412176e-03
7.612282718248503111e-02 3.223530022773837887e-04 1.724162933017678054e-05 2.120177446481160636e-03
7.764528372613474505e-02 3.644489692215674426e-04 1.838392183182246430e-05 2.162580995410784065e-03
7.919818940065742607e-02 3.342933557196461685e-04 1.763657370988451254e-05 2.205832615318999330e-03
8.078215318867057460e-02 3.214257620550354686e-04 1.684926058930967001e-05 2.249949267625379543e-03
8.239779625244400552e-02 3.004454316830738772e-04 1.580683198474316806e-05 2.294948252977887550e-03
8.404575217749288285e-02 3.025644449697785380e-04 1.598893112550064016e-05 2.340847218037445370e-03
8.572666722104274606e-02 3.003706824312327790e-04 1.590013296098731997e-05 2.387664162398194130e-03
8.744120056546358932e-02 2.577977015293877886e-04 1.440952910189348875e-05 2.435417445646157614e-03
8.919002457677285833e-02 2.512161898420048702e-04 1.418960315734711238e-05 2.484125794559081078e-03
8.919002457677285833e-02 2.342420560735729610e-04 1.288707558774390276e-05 2.484125794559081078e-03
9.097382506830832549e-02 2.372872898103990473e-04 1.384400993595886339e-05 2.533808310450262960e-03
9.097382506830832549e-02 2.256131066594710194e-04 1.230459168378367521e-05 2.533808310450262960e-03
9.279330156967449672e-02 2.365051020051184630e-04 1.344509874096489368e-05 2.584484476659268219e-03
9.279330156967449672e-02 2.198336645372579387e-04 1.191190543060868279e-05 2.584484476659268219e-03
9.464916760106800719e-02 2.179653457895754174e-04 1.308588083590583438e-05 2.636174166192454139e-03
9.464916760106800719e-02 1.864522152907120798e-04 1.005823733657381444e-05 2.636174166192454139e-03
9.654215095308935068e-02 1.937550126614449625e-04 1.036696088072361303e-05 2.688897649516302710e-03
9.654215095308935068e-02 2.008453350079706973e-04 1.241243550362746643e-05 2.688897649516302710e-03
9.847299397215113215e-02 1.888150782360827062e-04 1.004272584940280447e-05 2.742675602506628764e-03
1.004424538515941573e-01 1.689044084258521064e-04 8.952716729861726294e-06 2.797529114556761200e-03
1.024513029286260313e-01 1.634155641603325247e-04 8.629249389264330834e-06 2.853479696847896138e-03
1.045003289871985624e-01 1.502442646756024596e-04 7.876483879179858514e-06 2.910549290784854651e-03
1.065903355669425429e-01 1.306674837439651064e-04 6.831544774508375351e-06 2.968760276600551900e-03
1.087221422782813918e-01 1.286748609641708149e-04 6.724667811843857828e-06 3.028135482132562981e-03
1.108965851238470357e-01 1.196964410480135139e-04 6.235513590907415612e-06 3.088698191775214597e-03
1.131145168263239797e-01 1.122966966460244199e-04 5.857601084785981092e-06 3.150472155610718836e-03
1.153768071628504532e-01 1.071426676878566622e-04 5.560710048911663252e-06 3.213481598722933014e-03
1.176843433061074695e-01 9.934499750771483186e-05 5.138379528409445635e-06 3.277751230697391934e-03
1.200380301722296095e-01 8.152376359417106018e-05 4.282947893606045390e-06 3.343306255311339660e-03
1.224387907756742111e-01 8.162849656871058756e-05 4.265082836548131151e-06 3.410172380417566748e-03
1.248875665911876875e-01 7.206200007207949740e-05 3.824639411986590634e-06 3.478375828025917493e-03
1.273853179230114430e-01 6.394243643391871385e-05 3.444268684990639450e-06 3.547943344586436225e-03
1.299330242814716874e-01 5.636315109121426282e-05 3.071605325991669431e-06 3.618902211478165071e-03
1.325316847671011156e-01 5.155078526556490715e-05 2.853907794613119301e-06 3.691280255707728337e-03
1.351823184624431629e-01 4.670737962142978273e-05 2.583713796493640636e-06 3.765105860821883754e-03
1.378859648316920206e-01 3.906882625287036209e-05 2.234051906357010996e-06 3.840407978038321013e-03
1.406436841283258410e-01 3.427813385100932303e-05 2.026992812829239330e-06 3.917216137599086913e-03
1.434565578108923656e-01 2.608363120637941182e-05 1.742773872771069919e-06 3.995560460351069328e-03
1.463256889671102068e-01 2.714759260104153730e-05 1.713151486346942315e-06 4.075471669558090176e-03
1.492522027464524004e-01 2.110584273371551956e-05 1.493855013759381104e-06 4.156981102949252119e-03
1.522372468013814539e-01 1.500378343135723441e-05 1.232296851057990154e-06 4.240120725008236606e-03
1.552819917374090863e-01 1.537433975053692392e-05 1.244918392799045722e-06 4.324923139508401841e-03
1.583876315721572947e-01 1.104731457818185398e-05 1.122194163372766421e-06 4.411421602298570832e-03
1.615553842036004384e-01 9.646838409185075431e-06 1.091054617138544347e-06 4.499650034344541971e-03
1.647864918876724427e-01 7.318922328298957766e-06 1.013552268323632643e-06 4.589643035031432637e-03
1.680822217254259177e-01 4.614065329300478499e-06 9.838570398109145385e-07 4.681435895732061724e-03
1.714438661599344271e-01 3.218657012204105834e-06 9.762112043501833830e-07 4.775064613646702767e-03
1.748727434831331140e-01 2.310341753885996337e-06 9.185208201033661887e-07 4.870565905919637360e-03
1.748727434831331140e-01 2.865476692759701387e-06 4.346132357532608224e-07 4.870565905919637360e-03
1.783701983527957724e-01 1.731260098903998180e-06 4.269168946751397038e-07 4.967977224038029604e-03
1.783701983527957724e-01 -1.145536799954107078e-07 1.009308471067881792e-06 4.967977224038029604e-03
1.819376023198516767e-01 1.055420164474837535e-06 4.011134589669637801e-07 5.067336768518789815e-03
1.819376023198516767e-01 -1.741333115065486565e-07 9.466760223838437002e-07 5.067336768518789815e-03
1.855763543662487525e-01 1.817324647668853524e-06 9.581517082530508171e-07 5.168683503889166808e-03
1.855763543662487525e-01 -4.694200627375107308e-07 4.033595690202572214e-07 5.168683503889166808e-03
1.892878814535737253e-01 1.221392404360928407e-06 8.991556054400041863e-07 5.272057173966950352e-03
1.892878814535737253e-01 6.622770145895771171e-08 3.824762961366232164e-07 5.272057173966950352e-03
1.930736390826451876e-01 1.484550902792272669e-07 3.718060720687841416e-07 5.377498317446288527e-03
1.969351118642981013e-01 -3.981965588394682153e-07 3.929546766082386395e-07 5.485048283795214939e-03
2.008738141015840584e-01 -2.518490579617845132e-07 3.613661721272879787e-07 5.594749249471118666e-03
2.048912903836157540e-01 1.723898178074131880e-07 3.498362471151375651e-07 5.706644234460541559e-03
2.089891161912880713e-01 9.060877101533810310e-07 3.372063596359879791e-07 5.820777119149752633e-03
2.131688985151138360e-01 8.283146984781047087e-07 3.360501576822134468e-07 5.937192661532747842e-03
2.174322764854161039e-01 7.992309651925880784e-07 3.556037283046547275e-07 6.055936514763402521e-03
2.217809220151244487e-01 1.237445535229474681e-06 3.606132622736217897e-07 6.177055245058671144e-03
2.262165404554269399e-01 1.801839585293939461e-06 3.565362124398737504e-07 6.300596349959844411e-03
2.307408712645354631e-01 1.619481605730043078e-06 3.528739164286666724e-07 6.426608276959041091e-03
2.353556886898262035e-01 1.586118913519751532e-06 3.488355552828949901e-07 6.555140442498223058e-03
2.400628024636227154e-01 1.009527555628430405e-06 3.458955484588738430e-07 6.686243251348186756e-03
2.448640585128951663e-01 1.477506243505181597e-06 3.549199163614481400e-07 6.819968116375150873e-03
2.497613396831530885e-01 1.378946140775633493e-06 3.605645392445665178e-07 6.956367478702654532e-03
2.547565664768161597e-01 8.467388138529409551e-07 3.645918468238052761e-07 7.095494828276707570e-03
2.598516978063524774e-01 6.044501686337950134e-07 3.403366961517103981e-07 7.237404724842241149e-03
2.650487317624795613e-01 1.312435877070967746e-06 3.399921559126147357e-07 7.382152819339087360e-03
2.703497063977291504e-01 1.201222134344351998e-06 3.240931166701654398e-07 7.529795875725869142e-03
2.757567005256836845e-01 8.089207860262949061e-08 3.270865569985982171e-07 7.680391793240384790e-03
2.812718345361974182e-01 3.522923648262111693e-07 3.106613409296810695e-07 7.833999629105194498e-03
2.868972712269213798e-01 3.954848096317546725e-07 3.110737786820859718e-07 7.990679621687299394e-03
2.926352166514598063e-01 6.491193632639663803e-07 3.111823452725967431e-07 8.150493214121043786e-03
2.984879209844890080e-01 1.680297761701316343e-07 2.920481468257652958e-07 8.313503078403465876e-03
3.044576794041787826e-01 -1.148745733330243117e-08 3.125352709371710295e-07 8.479773139971533841e-03
3.105468329922623782e-01 5.673813351656309544e-07 2.955485841733489668e-07 8.649368602770966113e-03
3.167577696521076125e-01 2.302479398790178132e-07 2.965268589632382509e-07 8.822355974826385019e-03
3.230929250451497481e-01 -2.267474307592579506e-07 2.922986841958724855e-07 8.998803094322911991e-03
3.295547835460527208e-01 1.823208866209631543e-07 3.065448372748509292e-07 9.178779156209369849e-03
3.361458792169738086e-01 -2.118210167807700956e-07 3.037271192938655464e-07 9.362354739333557732e-03
3.428687968013133247e-01 7.217521687205400815e-08 2.977394173149665750e-07 9.549601834120230795e-03
3.497261727373395801e-01 -2.620718374334304220e-07 3.040078422555513630e-07 9.740593870802635376e-03
3.567206961920863506e-01 2.668389599237786072e-08 3.136452220767011479e-07 9.935405748218686245e-03
3.638551101159280821e-01 -6.350720584193353429e-07 3.164963779738475917e-07 1.013411386318305990e-02
3.711322123182466681e-01 4.327063087590935260e-07 3.010661151931727170e-07 1.033679614044672249e-02
3.785548565646115748e-01 4.558591795772688288e-07 3.077338076457199065e-07 1.054353206325565548e-02
