# Experiment IPTS-28662 Run 198388
# Reduction unknown
# Run title: sample1_pcps_d2obuffer-198382-7.
# Run start time: 2022-12-07T05:50:40.745408667
<<<<<<< HEAD
# Reduction time: Fri Jul 11 13:43:31 2025
=======
# Reduction time: Wed Sep 10 11:16:46 2025
>>>>>>> 7bf07fd (updated test files)
# Q summing: False
# TOF weighted: False
# Bck in Q: False
# Theta offset: 0
# DataRun   NormRun   TwoTheta(deg)  LambdaMin(A)   LambdaMax(A) Qmin(1/A)    Qmax(1/A)    SF_A         SF_B
# 198388    198403    4.68567        2.5026         5.84094      0.0879       0.2052       332.49       0.0087      
# 198389    198403    9.27811        2.50312        5.84062      0.1740       0.4060       1251.1       0.0344      
# Q [1/Angstrom]        R                     dR                    dQ [FWHM]            
<<<<<<< HEAD
  0.0874412005654636    0.0002536285092551    0.0000226771346635    0.0019802324618788
  0.0891900245767729    0.0002447540638881    0.0000153281543154    0.0020198371111164
  0.0909738250683083    0.0002503773807390    0.0000155015812576    0.0020602338533387
  0.0927933015696745    0.0002379958246820    0.0000145429923885    0.0021014385304055
  0.0946491676010680    0.0002267372639826    0.0000136619757205    0.0021434673010136
  0.0965421509530894    0.0002140524949046    0.0000126945818960    0.0021863366470339
  0.0984729939721511    0.0001971958049540    0.0000115962330218    0.0022300633799746
  0.1004424538515942    0.0001968337448828    0.0000115025904627    0.0022746646475740
  0.1024513029286260    0.0001774426898238    0.0000102276550391    0.0023201579405255
  0.1045003289871986    0.0001701477602883    0.0000097287702225    0.0023665610993360
  0.1065903355669425    0.0001627784397077    0.0000092274257243    0.0024138923213228
  0.1087221422782814    0.0001422927048471    0.0000079798215419    0.0024621701677492
  0.1108965851238470    0.0001389629319530    0.0000078411994533    0.0025114135711042
  0.1131145168263240    0.0001288529950236    0.0000072056356450    0.0025616418425263
  0.1153768071628505    0.0001188334155090    0.0000066114458581    0.0026128746793768
  0.1176843433061075    0.0001102886886269    0.0000061278163413    0.0026651321729643
  0.1200380301722296    0.0000993100506575    0.0000054966391115    0.0027184348164236
  0.1224387907756742    0.0000905533284159    0.0000049810927817    0.0027728035127521
  0.1248875665911877    0.0000857594660423    0.0000047302741420    0.0028282595830071
  0.1273853179230114    0.0000748679803550    0.0000041729031187    0.0028848247746673
  0.1299330242814717    0.0000683816168925    0.0000038270442036    0.0029425212701606
  0.1325316847671011    0.0000596948083988    0.0000033130262440    0.0030013716955638
  0.1351823184624432    0.0000542742256813    0.0000030425007000    0.0030613991294751
  0.1378859648316920    0.0000486180220242    0.0000027034767435    0.0031226271120646
  0.1406436841283258    0.0000411690955544    0.0000023026270372    0.0031850796543059
  0.1434565578108924    0.0000362825195748    0.0000020606437577    0.0032487812473920
  0.1463256889671102    0.0000313706240099    0.0000018214359265    0.0033137568723399
  0.1492522027464524    0.0000266793729254    0.0000015800198484    0.0033800320097867
  0.1522372468013815    0.0000201515772276    0.0000012595900266    0.0034476326499824
  0.1552819917374091    0.0000184930516940    0.0000011674432294    0.0035165853029821
  0.1583876315721573    0.0000139100372415    0.0000009714778206    0.0035869170090417
  0.1615553842036004    0.0000115892287748    0.0000008669934842    0.0036586553492225
  0.1647864918876724    0.0000095462511131    0.0000007395635219    0.0037318284562070
  0.1680822217254259    0.0000074135404266    0.0000006789511234    0.0038064650253311
  0.1714438661599344    0.0000050437258954    0.0000006092305829    0.0038825943258377
  0.1748727434831331    0.0000034554681031    0.0000005373271626    0.0039602462123545
  0.1748727434831331    0.0000052141353820    0.0000003554235661    0.0039612275265120
  0.1783701983527958    0.0000020368181208    0.0000005205540068    0.0040394511366016
  0.1783701983527958    0.0000046919083675    0.0000003024666553    0.0040404520770422
  0.1819376023198517    0.0000024827984228    0.0000005026574410    0.0041202401593336
  0.1819376023198517    0.0000037259968412    0.0000002387759270    0.0041212611185831
  0.1855763543662488    0.0000013097203277    0.0000004858618423    0.0042026449625203
  0.1855763543662488    0.0000032047948099    0.0000002047884455    0.0042036863409547
  0.1892878814535737    0.0000013207837668    0.0000004784481185    0.0042866978617707
  0.1892878814535737    0.0000027329773555    0.0000001724834882    0.0042877600677738
  0.1930736390826452    0.0000000389726437    0.0000004820686003    0.0043724318190061
  0.1930736390826452    0.0000028051567239    0.0000001755747035    0.0043735152691293
  0.1969351118642981    0.0000003520913250    0.0000004457123821    0.0044598804553862
  0.1969351118642981    0.0000027001125461    0.0000001672285106    0.0044609855745119
  0.2008738141015841   -0.0000001084106637    0.0000004327044460    0.0045490780644940
  0.2008738141015841    0.0000025760588571    0.0000001584773951    0.0045502052860021
  0.2048912903836158    0.0000025965570230    0.0000001577774963    0.0046412093917222
  0.2089891161912881    0.0000026607962357    0.0000001588205577    0.0047340335795566
  0.2131688985151138    0.0000028172461539    0.0000001651951277    0.0048287142511477
  0.2174322764854161    0.0000030234836123    0.0000001762556451    0.0049252885361707
  0.2217809220151244    0.0000031511139155    0.0000001828467270    0.0050237943068941
  0.2262165404554269    0.0000034312809005    0.0000001964979030    0.0051242701930320
  0.2307408712645355    0.0000038950729150    0.0000002202321805    0.0052267555968926
  0.2353556886898262    0.0000037194721621    0.0000002092552903    0.0053312907088305
  0.2400628024636227    0.0000039009218094    0.0000002173829204    0.0054379165230071
  0.2448640585128952    0.0000039270756601    0.0000002170288582    0.0055466748534672
  0.2497613396831531    0.0000041608521349    0.0000002302823000    0.0056576083505366
  0.2547565664768162    0.0000039323738895    0.0000002192612942    0.0057707605175473
  0.2598516978063525    0.0000038065580075    0.0000002105272147    0.0058861757278983
  0.2650487317624796    0.0000035509274500    0.0000001954455456    0.0060038992424562
  0.2703497063977292    0.0000035377011625    0.0000001931075627    0.0061239772273054
  0.2757567005256837    0.0000033985783643    0.0000001843259392    0.0062464567718515
  0.2812718345361974    0.0000031531602235    0.0000001705815762    0.0063713859072885
  0.2868972712269214    0.0000031675549109    0.0000001706132133    0.0064988136254343
  0.2926352166514598    0.0000029998928330    0.0000001617977646    0.0066287898979429
  0.2984879209844890    0.0000027351333958    0.0000001476237682    0.0067613656959018
  0.3044576794041788    0.0000025694976712    0.0000001377054755    0.0068965930098198
  0.3105468329922624    0.0000026567754695    0.0000001424282471    0.0070345248700162
  0.3167577696521076    0.0000026246350475    0.0000001399770177    0.0071752153674166
  0.3230929250451497    0.0000024072067467    0.0000001283672398    0.0073187196747649
  0.3295547835460527    0.0000024409771290    0.0000001300112437    0.0074650940682602
  0.3361458792169738    0.0000024169955605    0.0000001287681092    0.0076143959496254
  0.3428687968013133    0.0000024167099409    0.0000001283252594    0.0077666838686179
  0.3497261727373396    0.0000024303485656    0.0000001287475986    0.0079220175459903
  0.3567206961920864    0.0000025524353270    0.0000001355668097    0.0080804578969101
  0.3638551101159281    0.0000024689991699    0.0000001311183567    0.0082420670548483
  0.3711322123182467    0.0000024830110242    0.0000001315247019    0.0084069083959452
  0.3785548565646116    0.0000023769697211    0.0000001253061995    0.0085750465638641
  0.3861259536959039    0.0000024043279025    0.0000001275169685    0.0087465474951414
  0.3938484727698219    0.0000023186027430    0.0000001225824140    0.0089214784450442
  0.4017254422252184    0.0000023240349468    0.0000001230647266    0.0090999080139451
=======
  0.0891900245767729    0.0002442683218006    0.0000133711110857    0.0024623490203671
  0.0909738250683083    0.0002534060415530    0.0000137570014197    0.0025115960007745
  0.0927933015696745    0.0002354955725257    0.0000126960496539    0.0025618279207900
  0.0946491676010680    0.0002291531372806    0.0000122631546873    0.0026130644792058
  0.0965421509530894    0.0002141681604150    0.0000113794858923    0.0026653257687899
  0.0984729939721511    0.0001982527176464    0.0000104788617883    0.0027186322841657
  0.1004424538515942    0.0001946509961069    0.0000102215176626    0.0027730049298490
  0.1024513029286260    0.0001787830691477    0.0000093374826420    0.0028284650284460
  0.1045003289871986    0.0001706717855518    0.0000088543185302    0.0028850343290149
  0.1065903355669425    0.0001628835667773    0.0000084033857800    0.0029427350155952
  0.1087221422782814    0.0001422097932219    0.0000073006926572    0.0030015897159071
  0.1108965851238470    0.0001404044647954    0.0000071928295276    0.0030616215102253
  0.1131145168263240    0.0001286839185609    0.0000065610687760    0.0031228539404298
  0.1153768071628505    0.0001187909537726    0.0000060372259589    0.0031853110192384
  0.1176843433061075    0.0001103401212502    0.0000055965987749    0.0032490172396231
  0.1200380301722296    0.0001006049995809    0.0000050936110627    0.0033139975844156
  0.1224387907756742    0.0000901920632851    0.0000045552389673    0.0033802775361039
  0.1248875665911877    0.0000859866835672    0.0000043363266292    0.0034478830868260
  0.1273853179230114    0.0000752942702088    0.0000038260798449    0.0035168407485625
  0.1299330242814717    0.0000682262470587    0.0000034807524274    0.0035871775635337
  0.1325316847671011    0.0000603045717607    0.0000030696969046    0.0036589211148044
  0.1351823184624432    0.0000543393331532    0.0000027936530204    0.0037320995371005
  0.1378859648316920    0.0000481032769267    0.0000024667398188    0.0038067415278425
  0.1406436841283258    0.0000414807168081    0.0000021499439537    0.0038828763583994
  0.1434565578108924    0.0000365432172487    0.0000019244015113    0.0039605338855674
  0.1463256889671102    0.0000315540145636    0.0000017073616211    0.0040397445632787
  0.1492522027464524    0.0000265641272540    0.0000014712822951    0.0041205394545443
  0.1522372468013815    0.0000202678413339    0.0000011963784471    0.0042029502436352
  0.1552819917374091    0.0000185520447854    0.0000011104059860    0.0042870092485079
  0.1583876315721573    0.0000140470601396    0.0000009326718452    0.0043727494334780
  0.1615553842036004    0.0000115005293818    0.0000008309165953    0.0044602044221476
  0.1647864918876724    0.0000097392704211    0.0000007223889393    0.0045494085105905
  0.1680822217254259    0.0000073562504182    0.0000006592957132    0.0046403966808023
  0.1714438661599344    0.0000049485795879    0.0000006023023740    0.0047332046144184
  0.1748727434831331    0.0000035231223881    0.0000005305141739    0.0048278687067068
  0.1783701983527958    0.0000019978586733    0.0000005198229647    0.0049244260808409
  0.1783701983527958    0.0000046714673284    0.0000002655065915    0.0049265845526177
  0.1819376023198517    0.0000025227147961    0.0000004988295038    0.0050229146024577
  0.1819376023198517    0.0000037766757328    0.0000002156849763    0.0050251162436701
  0.1855763543662488    0.0000013383089352    0.0000004897644506    0.0051233728945069
  0.1855763543662488    0.0000032211341978    0.0000001845913544    0.0051256185685435
  0.1892878814535737    0.0000012878740390    0.0000004765838176    0.0052258403523970
  0.1892878814535737    0.0000027369647209    0.0000001567733492    0.0052281309399144
  0.1930736390826452    0.0000000854243385    0.0000004810583613    0.0053303571594449
  0.1930736390826452    0.0000028149103982    0.0000001598486226    0.0053326935587127
  0.1969351118642981    0.0000026758276303    0.0000001509777475    0.0054393474298869
  0.2008738141015841    0.0000025972253641    0.0000001458944882    0.0055481343784846
  0.2048912903836158    0.0000025903152994    0.0000001441323259    0.0056590970660543
  0.2089891161912881    0.0000026548727646    0.0000001456138654    0.0057722790073754
  0.2131688985151138    0.0000028124369379    0.0000001520290712    0.0058877245875229
  0.2174322764854161    0.0000030244022384    0.0000001619089146    0.0060054790792734
  0.2217809220151244    0.0000031521230415    0.0000001677037606    0.0061255886608589
  0.2262165404554269    0.0000034251421501    0.0000001798003323    0.0062481004340760
  0.2307408712645355    0.0000038995469440    0.0000002018309116    0.0063730624427576
  0.2353556886898262    0.0000037265129470    0.0000001921400180    0.0065005236916127
  0.2400628024636227    0.0000038969518356    0.0000001992060608    0.0066305341654450
  0.2448640585128952    0.0000039215507400    0.0000001990582054    0.0067631448487539
  0.2497613396831531    0.0000041369299049    0.0000002091125099    0.0068984077457289
  0.2547565664768162    0.0000039494725959    0.0000002002226213    0.0070363759006435
  0.2598516978063525    0.0000038041713783    0.0000001919888629    0.0071771034186564
  0.2650487317624796    0.0000035624806944    0.0000001794498346    0.0073206454870295
  0.2703497063977292    0.0000035471747310    0.0000001775171747    0.0074670583967701
  0.2757567005256837    0.0000033932343614    0.0000001692518500    0.0076163995647055
  0.2812718345361974    0.0000031672922488    0.0000001578561321    0.0077687275559996
  0.2868972712269214    0.0000031436225240    0.0000001560676882    0.0079241021071196
  0.2926352166514598    0.0000030206545187    0.0000001500744240    0.0080825841492620
  0.2984879209844890    0.0000027205943844    0.0000001356474279    0.0082442358322472
  0.3044576794041788    0.0000025812282041    0.0000001282246278    0.0084091205488922
  0.3105468329922624    0.0000026633211167    0.0000001320076544    0.0085773029598700
  0.3167577696521076    0.0000026148954222    0.0000001290883539    0.0087488490190674
  0.3230929250451497    0.0000024119640723    0.0000001193676967    0.0089238259994488
  0.3295547835460527    0.0000024354117575    0.0000001202374870    0.0091023025194378
  0.3361458792169738    0.0000024297102690    0.0000001198043147    0.0092843485698265
  0.3428687968013133    0.0000024183985059    0.0000001189451397    0.0094700355412230
  0.3497261727373396    0.0000024198752593    0.0000001186978641    0.0096594362520475
  0.3567206961920864    0.0000025381794489    0.0000001243194716    0.0098526249770885
  0.3638551101159281    0.0000024804339888    0.0000001214953040    0.0100496774766302
  0.3711322123182467    0.0000024809314505    0.0000001212039554    0.0102506710261628
  0.3785548565646116    0.0000023723273257    0.0000001157218176    0.0104556844466861
  0.3861259536959039    0.0000024067654126    0.0000001176168098    0.0106647981356198
>>>>>>> 7bf07fd (updated test files)
