1.163378023199675496e-02 1.352311814803156542e+00 1.745888873755073178e-01
1.186645583663669019e-02 1.182398944006662456e+00 9.611194687135371506e-02
1.210378495336942445e-02 1.426499018282038511e+00 9.800080974515307242e-02
1.234586065243681308e-02 1.135995207840787335e+00 8.006884088499321983e-02
1.259277786548554899e-02 1.178519108304130647e+00 7.661857819680106818e-02
1.284463342279526001e-02 1.173375188869961727e+00 7.319563021695955907e-02
1.310152609125116510e-02 1.129487910885148549e+00 6.730913205809636868e-02
1.336355661307618917e-02 1.178184708214790044e+00 6.389608302417079666e-02
1.363082774533771330e-02 1.206104612774800522e+00 6.342449843984077074e-02
1.390344430024446735e-02 1.186118611973812298e+00 5.924124447332281690e-02
1.418151318624935597e-02 1.151762072868364184e+00 5.497957178585203414e-02
1.446514344997434399e-02 7.953916158889131616e-01 4.357260456757246908e-02
1.475444631897383091e-02 5.762921466672642490e-01 3.545147851002007633e-02
1.504953524535330989e-02 4.969046583393834648e-01 3.108128960615577294e-02
1.535052595026037414e-02 5.581320108032733485e-01 3.209764839376479800e-02
1.565753646926558440e-02 5.355929980508040700e-01 2.997800765191511660e-02
1.597068719865089512e-02 5.018235054010805607e-01 2.708723832095593503e-02
1.629010094262391128e-02 5.100008286900783450e-01 2.614170695214768081e-02
1.661590296147639340e-02 4.528295355588501936e-01 2.338401745356974773e-02
